-0.163449
0.661002
0.313759
0.163298
0.126515
-0.075003
-0.414092
-0.224310
0.852854
-0.145638
-0.191763
-0.286447
-0.004408
-0.208547
-0.002653
-0.010622
-0.344242
-0.130050
0.157378
-0.003937
-0.094174
-0.257500
0.098151
0.186999
-0.105315
-0.304038
-0.010477
0.351313
-0.556579
-0.417824
-0.004606
0.124067
-0.275706
-0.113272
-0.436595
-0.386402
-0.799306
-0.004692
-0.031642
-0.161812
-0.412800
0.166608
-0.206022
-0.002015
-0.002703
0.175874
-0.676061
-0.001728
-0.479992
-0.112752
-0.006030
-0.003129
-0.365875
-0.755267
-0.001455
0.177015
-0.184645
0.064564
-0.001922
0.349334
-0.830187
-0.037032
0.197122
0.254851
