-0.797685
-0.729878
0.983886
-0.062589
0.518663
-0.734049
-0.868673
-0.055472
-0.523369
-0.881532
-0.738298
-0.256247
-0.437438
-0.438617
0.091015
-0.730582
-0.490079
-0.662982
-0.431889
-0.842453
-0.458731
-0.126880
0.525392
-0.129116
-0.076526
-0.300218
-0.637713
-0.503813
-0.846755
-0.113704
-0.568067
-0.549779
-0.286591
-0.850519
1.005880
-0.418350
-1.083465
-0.008048
0.361473
-0.947028
-0.687051
0.007700
-0.628279
-0.104151
-0.742278
-0.482343
2.332563
0.282414
-0.807186
-0.643662
-0.297509
-1.236288
-0.398059
-0.147097
-0.118449
-0.801528
-0.162027
-0.070342
-0.471138
-0.684010
-0.574922
-0.986963
-0.762307
-0.641801
