-0.198263
0.080278
-0.001946
-0.701699
-0.018764
-0.003416
-0.015566
-0.001426
-0.298160
-0.073209
-0.000905
-0.310727
-0.001898
-0.262800
-0.007431
-0.041531
-0.002915
-0.001182
-0.267004
-0.004674
-0.002386
-0.224170
-0.000733
-0.071125
-0.008540
-0.001030
0.181069
-0.231900
-0.001483
-0.204509
-0.000859
-0.097893
0.232141
-0.160357
-0.007642
-0.094500
-0.012932
-0.002626
-0.000928
-0.182766
-0.037227
-0.008310
-0.028050
0.055265
-0.005457
-0.006086
-0.193718
-0.314251
-0.507910
-0.528079
-0.022670
-0.006338
-0.103952
-0.001917
-0.485549
-0.001696
-0.494193
-0.141995
-0.001563
-0.248465
-0.043441
-0.166217
-0.001735
-0.488587
-0.736197
-0.000971
-0.011481
-0.053002
-0.005073
-0.001728
-1.388782
-0.016615
-0.001007
-0.107690
-0.005398
-0.082604
0.295304
-0.337279
-0.003120
-0.002322
-0.002280
-0.167788
-0.001338
-0.001753
-0.000696
-0.059663
-0.009379
-0.001686
-0.004974
-0.010832
-0.166108
-0.002362
-0.001845
-0.028471
-0.155282
-0.005373
-0.072274
-0.758136
-0.165766
-0.002482
-0.021525
-0.118327
-0.193175
-0.001019
-0.001617
-0.042184
-0.005684
-0.000632
-0.002243
-0.000664
-0.035579
-0.460973
-0.212313
-0.029824
-0.029007
0.052172
-0.057884
-0.028452
-0.003152
-0.002768
-0.401966
-0.102628
-0.219558
-0.002008
-0.024853
-0.009158
-0.015634
-0.052569
-0.002060
0.011039
-0.063983
-0.003358
-1.197021
0.139224
-0.454268
-0.009747
-0.002333
-0.356229
-0.006141
-0.302824
-0.002605
-0.001381
-0.005100
-0.002856
-0.493524
-0.296328
-0.016957
0.249393
-0.011971
-0.216840
-0.002156
0.080140
-0.001719
-0.002025
-0.425762
-0.002193
-0.038630
-0.015011
-0.240484
0.475212
-0.001428
-0.149073
-0.005511
-0.204012
-0.005745
-0.028618
-0.113564
0.011094
-0.002907
-0.440268
-0.039391
-0.221209
-0.234768
-0.002785
-0.032234
-0.033325
-0.001045
-0.014606
-0.001294
-0.000910
-0.001732
-0.278651
-0.553235
-0.002036
-0.163242
-0.001226
-0.571122
-0.249553
-0.005520
-0.361719
0.155552
-0.001134
-0.036389
-0.015796
-0.172130
0.094805
-0.001389
-0.003650
-0.106934
-0.000815
0.066918
-0.000654
-0.013604
-0.001744
-0.001243
-0.002625
-0.027568
-0.058828
-0.018682
-0.553813
-0.187893
-0.004431
-0.249829
-0.194349
0.011247
-0.045215
-0.002271
-0.016417
-0.001914
-0.019825
-0.013949
-0.004627
-0.002388
-0.543047
-0.003357
-0.081052
-0.362843
-0.001632
-0.008487
-0.017223
0.401349
-0.085199
-0.002853
-0.241680
-0.011979
-0.228159
-0.002074
1.631577
-0.002964
-0.144418
0.009983
-0.001676
0.145941
-0.002006
-0.252690
-0.504503
-0.347859
-0.021243
0.059766
0.037847
-0.001184
-0.021842
-0.002301
-0.003047
-0.101166
-0.298760
