-0.519483
-0.001776
-0.315767
-0.320293
-0.226651
-0.206497
-0.401499
-0.573222
-0.748950
-0.755982
-0.175556
-0.060223
-0.452633
-0.465251
-0.595630
-0.027254
-0.331927
-0.701430
-0.056862
-0.250231
-0.104852
-0.476378
-0.177573
-0.001991
-0.265609
-0.638780
-0.503836
-0.023150
-0.004965
-0.002125
-0.044075
-0.096066
-0.057617
-0.084244
-0.273061
-0.404995
-0.105827
0.074648
-0.312144
-0.215578
-0.001656
-0.032134
-0.031364
-0.475905
-0.401894
-0.389294
-0.012256
-0.359136
-0.152747
-0.010871
-0.045303
-0.016936
-0.194101
-0.275894
-0.582319
-0.726982
-0.025207
-0.417819
-0.008142
-0.593916
0.236349
-0.648089
1.014430
0.001207
-0.048526
-0.448482
-0.288083
-0.055026
-0.423559
-0.069056
-0.149387
-0.517279
-0.403634
-0.029499
-0.028439
-0.174331
-0.334481
-0.503958
-0.030656
-0.177174
-0.654363
-0.207351
-0.013560
-0.007153
-0.004642
-0.145864
-0.069262
-0.155515
-0.065424
-0.480188
-0.057723
-0.021483
-0.684199
-0.201945
-0.094606
-0.308390
-0.852778
-0.002139
-0.337423
-0.006431
-0.048702
-0.293422
-0.001632
-0.318787
-0.083005
-0.033639
-0.007061
-0.114641
0.279306
-0.293001
-0.757343
0.287529
-0.002749
-0.060979
-0.429411
-0.061023
-0.509797
-0.023424
-0.499704
-0.435509
-0.069349
-0.457185
-0.079738
-0.089025
-0.037875
2.160728
-0.321149
-0.578447
