-0.979038
-0.239921
-0.441439
-0.357038
-0.405169
-0.621274
-0.050252
0.379317
0.383116
-0.777968
-0.774521
-0.292862
-0.285284
1.585878
0.740635
0.527707
-0.302786
-0.084066
-0.584097
-0.074013
-0.023251
-0.142107
-0.981576
-0.303587
-0.914628
0.491989
-0.635217
-0.087539
-0.146071
-0.130181
-0.355342
-0.027241
-0.091060
-1.025444
-0.699048
-1.027599
-1.077387
-0.203324
-0.200954
0.838073
-0.238078
-0.331399
-0.829662
-0.541278
0.642579
-0.397806
-1.031273
-0.848627
-0.076863
-0.264838
-0.129292
-0.416245
0.435890
1.411293
-1.001937
-0.844132
-0.129967
-0.766045
0.601891
-0.659240
-0.421812
-0.841217
-0.151948
0.994091
